O index,O index,distance
192,192,0.0
192,288,2.728831659995582
192,340,2.6758401410616326
192,384,2.727462663897705
192,436,2.61181417028086
192,480,2.621704027904756
192,532,2.7452728300207925
193,193,0.0
193,289,2.665952371044391
193,341,2.650000741115925
193,385,2.641242701831981
193,437,2.6853196175698164
193,481,2.6499904625221222
193,533,2.6192779771140144
194,194,0.0
194,290,2.6286716675381334
194,342,2.778378779867025
194,386,2.6602549819863337
194,438,2.6635100782041823
194,482,2.6659503328162395
194,534,2.5483875641061484
195,195,0.0
195,291,2.675468397811237
195,343,2.7232031910333228
195,387,2.83116224856057
195,439,2.6550806845088566
195,483,2.6079627903027998
195,535,2.649613894070138
196,196,0.0
196,292,2.5839250474005127
196,337,2.7132534484540765
196,388,2.6398572898985635
196,433,2.620469334367755
196,484,2.614970733779445
196,528,2.6154673309410477
197,197,0.0
197,293,2.662514678996891
197,336,2.5315084889126833
197,389,2.7996195104681094
197,432,2.5900755592530396
197,485,2.681139782058636
197,529,2.589702990932084
198,198,0.0
198,294,2.5797452673230983
198,339,2.5675119515439118
198,390,2.72501148504793
198,435,2.489063042081946
198,486,2.606714328878428
198,530,2.6284311486870178
199,199,0.0
199,295,2.560864940301427
199,338,2.79743227017316
199,391,2.7671927730143326
199,434,2.591075786179441
199,487,2.5550968627903097
199,531,2.519802730826936
199,608,2.9680065840632874
200,200,0.0
200,296,2.576666800129916
200,344,2.781570844921408
200,392,2.6543064140582535
200,440,2.575010150990771
200,488,2.481991154182231
200,536,2.6275903057211862
200,613,2.7507355060142626
201,201,0.0
201,297,2.570335977934564
201,345,2.5368982752825717
201,393,2.648826624471613
201,441,2.6875006293522903
201,489,2.539353499697279
201,537,2.5888904251943097
202,202,0.0
202,298,2.640765057146318
202,346,2.6121183905593326
202,394,2.591640883427158
202,442,2.65047509140481
202,490,2.6033800731651717
202,538,2.5279306780694757
203,203,0.0
203,299,2.601625254824824
203,347,2.67279148153725
203,395,2.724676423579319
203,443,2.7677384505498157
203,491,2.609310084306813
203,539,2.60481954450307
204,204,0.0
204,300,2.56289859939141
204,349,2.6951701735155833
204,396,2.6199993124115006
204,445,2.670206787547129
204,492,2.6662934766203565
204,540,2.582361690599149
205,205,0.0
205,301,2.6972812587285975
205,348,2.7141289975391474
205,397,2.6498026030575828
205,444,2.6636072029719347
205,493,2.6306834838645545
205,541,2.692484902308594
206,206,0.0
206,302,2.5754567156722965
206,351,2.706926889091704
206,398,2.761028800584166
206,447,2.558504588796753
206,494,2.598757991080607
206,542,2.648244363579877
207,207,0.0
207,303,2.7450223104573146
207,350,2.7192217603698525
207,399,2.53886045229826
207,446,2.591144790199563
207,495,2.666586534332252
207,543,2.622246555428115
208,208,0.0
208,304,2.6317883221922513
208,380,2.553188456405795
208,400,2.5648683208230554
208,476,2.647244709980848
208,498,2.5990173861598667
208,572,2.606112317528999
209,209,0.0
209,305,2.699530141451959
209,381,2.6641197817224396
209,401,2.6265974330821904
209,477,2.650046927828156
209,499,2.5734412480381814
209,573,2.6620642625686615
210,210,0.0
210,306,2.542555441815018
210,382,2.684948615784233
210,402,2.709115987520406
210,478,2.611772168985151
210,496,2.6718999722208263
210,574,2.592795991076477
211,211,0.0
211,307,2.6522659948509246
211,383,2.643887025198771
211,403,2.6686240071076224
211,479,2.683947181689825
211,497,2.5559280570519967
211,575,2.6473686340099567
212,212,0.0
212,310,2.6722601185499832
212,378,2.813716783465381
212,404,2.6989969908046114
212,474,2.7738607548488363
212,500,2.6316186654601177
212,570,2.7332372989576905
212,602,2.7111376890908216
213,213,0.0
213,311,2.6269891531136484
213,379,2.8916810662089945
213,405,2.6113188375475325
213,475,2.7026372258203506
213,501,2.6209853204109996
213,571,2.7781942342959147
213,621,2.5484314738019123
214,214,0.0
214,308,2.645507419503389
214,376,2.908454982807129
214,406,2.656520384126412
214,472,2.865373141378016
214,502,2.4857131390572658
214,568,2.641003631107493
214,600,2.780735454961765
215,215,0.0
215,309,2.6735197443838246
215,377,2.946004528204326
215,407,2.67127239388765
215,473,2.867187356651916
215,503,2.5808000748311586
215,569,2.7432582250956083
215,623,2.517245339550629
216,216,0.0
216,312,2.803999569292274
216,368,2.637918014480405
216,408,2.8252292450199925
216,464,2.636940522273989
216,506,2.798966927633714
216,560,2.5888710167790587
216,618,2.699185357269089
217,217,0.0
217,313,2.947034127098271
217,369,2.643733048801247
217,409,2.8175178849555667
217,465,2.5569352044011358
217,507,2.553163203335484
217,561,2.656165083757278
217,588,2.438918981204944
218,218,0.0
218,314,2.769886102063253
218,370,2.729499842875121
218,410,2.891739131402589
218,466,2.683613766463986
218,504,2.7262210932501563
218,562,2.5931907522522226
218,616,2.4656405511196953
219,219,0.0
219,315,2.7337144282148733
219,371,2.6820972918725015
219,411,2.9094709344754777
219,467,2.652668642764811
219,505,2.7537954908194004
219,563,2.5598220782186982
219,585,2.7375749276021777
220,220,0.0
220,318,2.848815771694879
220,374,2.685692512510049
220,412,2.7466390177900792
220,470,2.631794365475365
220,508,2.5540083703784218
220,566,2.6534006892814963
221,221,0.0
221,319,2.9418074953430584
221,375,2.7203096063139567
221,413,2.9520287673130534
221,471,2.667612440717837
221,509,2.7051316305015134
221,567,2.5199762222748125
221,577,2.472386375223325
222,222,0.0
222,316,2.8623865359070586
222,372,2.6645696253938387
222,414,2.892569372331405
222,468,2.7263689010823917
222,510,2.636568633613053
222,564,2.5616016531247445
223,223,0.0
223,317,2.9707975732910477
223,373,2.578724828282539
223,415,2.7244029353627623
223,469,2.6031849726983327
223,511,2.6527209879661307
223,565,2.6062408033524043
224,224,0.0
224,320,2.620536930583709
224,360,2.5642976699204048
224,416,2.6237674525528347
224,456,2.6568621314974687
224,512,2.5137057476349267
224,552,2.6745978932100822
225,225,0.0
225,321,2.592181749147526
225,361,2.5986224294975884
225,417,2.616145709688886
225,457,2.5474444482038856
225,513,2.6651309333983026
225,553,2.6498067629997255
226,226,0.0
226,322,2.794659510496289
226,362,2.6112461689408377
226,418,2.6702979276891887
226,458,2.638845717048484
226,514,2.551735751561974
226,554,2.626370238554519
227,227,0.0
227,323,2.590366698307833
227,363,2.689257305948772
227,419,2.584195345949875
227,459,2.661536654996886
227,515,2.438029291141698
227,555,2.616015841071154
228,228,0.0
228,324,2.6421115560167037
228,364,2.595079292618663
228,420,2.5991291583374863
228,460,2.8185418611823443
228,516,2.6057866000349468
228,556,2.4993418278764623
228,605,2.4632963950540385
229,229,0.0
229,325,2.55426014544382
229,365,2.672884165091826
229,421,2.7052982356102966
229,461,2.6490566838769474
229,517,2.6761196910980742
229,557,2.6630238400343766
230,230,0.0
230,326,2.675717064695537
230,366,2.73775915884957
230,422,2.550941050277464
230,462,2.5950952099249562
230,518,2.584882552815291
230,558,2.603843630991634
230,584,2.8945486905361633
231,231,0.0
231,327,2.7109367434846687
231,367,2.6752750006360344
231,423,2.7699181369272172
231,463,2.6726313962897392
231,519,2.680963282308715
231,559,2.649907137910389
232,232,0.0
232,252,2.8458323896329096
232,329,2.5320486725446116
232,356,2.676341648252294
232,424,2.606379582665893
232,452,2.692950606496125
232,521,2.5876128716385938
232,548,2.6682302777989158
233,233,0.0
233,328,2.636217215388078
233,357,2.823612550020138
233,425,2.6918457939243354
233,453,2.7617953730997353
233,520,2.6028078258481173
233,549,2.5560163451234335
234,234,0.0
234,331,2.686868172549122
234,358,2.6173759923306985
234,426,2.6828706089665113
234,454,2.639556265489073
234,523,2.6203963227431726
234,550,2.5557884011643166
235,235,0.0
235,330,2.7225938821165694
235,359,2.736933183199182
235,427,2.6422365342988345
235,455,2.6441817672693544
235,522,2.536636123605137
235,551,2.610533003911246
236,236,0.0
236,333,2.656811977877163
236,352,2.5706841883397438
236,428,2.570414008548959
236,448,2.6368157825073033
236,525,2.651765497371056
236,544,2.6143503082274573
237,237,0.0
237,332,2.5579953144297884
237,353,2.681048842829372
237,429,2.644614865075596
237,449,2.629435087757371
237,524,2.6807737327522547
237,545,2.6346833002555368
238,238,0.0
238,335,2.702564862479258
238,354,2.554502584504202
238,430,2.610490322158311
238,450,2.5848839482161994
238,527,2.573141138578975
238,546,2.6617295354841186
239,239,0.0
239,334,2.590770982832995
239,355,2.6435732161007586
239,431,2.634661925352703
239,451,2.566941700063425
239,526,2.680316145122222
239,547,2.602546692333734
240,240,0.0
240,304,2.753203058796634
240,360,2.728358788685638
240,416,2.7573161740878223
240,476,2.7329652253444006
240,508,2.5369395727799726
240,548,2.5469521166013522
241,241,0.0
241,305,2.5607641322450543
241,361,2.693079476336517
241,417,2.734917002503391
241,477,2.595671379212384
241,509,2.5780757821772102
241,549,2.5586884773695036
241,589,2.9154577512778017
242,242,0.0
242,306,2.608776834151267
242,362,2.678441262995657
242,418,2.722318730763901
242,478,2.6740215244834467
242,510,2.6193845187141904
242,550,2.569878647507102
243,243,0.0
243,307,2.7897184324301967
243,363,2.6547130589372876
243,419,2.62090448311473
243,479,2.7063376155957366
243,511,2.648276754078917
243,551,2.6738125323394075
244,244,0.0
244,312,2.591111001136928
244,352,2.649770834709583
244,428,2.6074282166358125
244,464,2.5758240304710394
244,500,2.537922019041809
244,556,2.6086618869985085
244,581,2.825630047026962
245,245,0.0
245,313,2.7042805037943625
245,353,2.733720892072908
245,429,2.595807088136624
245,465,2.643581472175596
245,501,2.6317928657914327
245,557,2.574859987546182
246,246,0.0
246,314,2.7339298759540753
246,354,2.5813457564632563
246,430,2.6787721573062178
246,466,2.7014225289723535
246,502,2.6150951947554084
246,558,2.5908353646621674
246,600,2.9691654393296676
247,247,0.0
247,315,2.6553025818520264
247,355,2.5777958364404996
247,431,2.60924140920955
247,467,2.690019804160232
247,503,2.6251756864617843
247,559,2.585284268939926
248,248,0.0
248,316,2.8231382006473917
248,364,2.579896845682337
248,420,2.613493704175762
248,468,2.659444553953536
248,496,2.647098759602454
248,544,2.619665691547029
249,249,0.0
249,317,2.710954580632186
249,365,2.7773929778225304
249,421,2.614450516620402
249,469,2.628791972432857
249,497,2.5961751128531017
249,545,2.6901862231921685
250,250,0.0
250,318,2.6770325896135336
250,366,2.574836474537828
250,422,2.523418337509903
250,470,2.685444995491881
250,498,2.5964822441083792
250,546,2.6085740368113197
251,251,0.0
251,319,2.6986112714076476
251,367,2.7024427888406017
251,423,2.640285298224893
251,471,2.6566612559805063
251,499,2.5498502650071035
251,547,2.6177653723372036
252,232,2.8458323896329096
252,252,0.0
252,308,2.58509040268205
252,356,2.6526689382356787
252,424,2.6212762120635116
252,472,2.7006249987946878
252,504,2.5787865306025406
252,552,2.7310912094074737
253,253,0.0
253,309,2.64563867425667
253,357,2.626490150084229
253,425,2.6963626959839155
253,473,2.654583029176479
253,505,2.5254324228826857
253,553,2.611055028360748
254,254,0.0
254,310,2.788554197345565
254,358,2.68304163730075
254,426,2.544223786234986
254,474,2.641504715787582
254,506,2.5733138980152668
254,554,2.6395061587629765
255,255,0.0
255,311,2.785676747974307
255,359,2.679843249518033
255,427,2.647568444903452
255,475,2.618920145188493
255,507,2.5960600028014573
255,555,2.593901779880582
255,587,2.8504209871805246
256,256,0.0
256,320,2.7063700606708956
256,340,2.861402518838208
256,384,2.74335402000352
256,456,2.7793906025826196
256,524,2.531640773242229
256,536,2.889652313227586
257,257,0.0
257,321,2.6465822630383284
257,341,2.933188662594496
257,385,2.7131708146371127
257,457,2.8789840608462995
257,525,2.517707562287859
257,537,2.8365971375152412
257,595,2.6262051481925215
258,258,0.0
258,322,2.7174519134203465
258,342,2.788310661166401
258,386,2.6710589935855706
258,458,2.74846943495821
258,526,2.6650083321143727
258,538,2.7798061917484636
259,259,0.0
259,323,2.6500222080780658
259,343,2.8008418916961824
259,387,2.707783997370829
259,459,2.9006206928275007
259,527,2.6849523594595444
259,539,2.666133046540668
259,614,2.9808108395849704
260,260,0.0
260,328,2.539489626882814
260,349,2.6833731178883538
260,396,2.581348494045547
260,453,2.7089505631071367
260,516,2.639995313099422
260,528,2.5372024645587454
261,261,0.0
261,329,2.5752108357637424
261,348,2.6833015242734812
261,397,2.6122935266726355
261,452,2.721661031772009
261,517,2.679569842205492
261,529,2.637305031605315
262,262,0.0
262,330,2.6894459260771364
262,351,2.546700449012026
262,398,2.5843114889502483
262,455,2.7119695752525224
262,518,2.616900293922349
262,530,2.6189898674966288
263,263,0.0
263,331,2.673997042662111
263,350,2.730833516324189
263,399,2.571729620657251
263,454,2.6119530780494635
263,519,2.601710487288967
263,531,2.5691732392980295
264,264,0.0
264,332,2.8489153518444374
264,337,2.661820127045643
264,388,2.8882480669212076
264,449,2.6777675576556392
264,512,2.7666228213759867
264,540,2.5129524906233547
264,597,2.4986054191850617
265,265,0.0
265,333,2.8254934432746874
265,336,2.5200068363823402
265,389,2.776405672071936
265,448,2.714589274423687
265,513,2.6265834929886696
265,541,2.5836585675000685
266,266,0.0
266,334,2.90880334795894
266,339,2.6301131322001865
266,390,2.875142724100046
266,451,2.6578581971766924
266,514,2.79972626601969
266,542,2.5852631469945653
267,267,0.0
267,335,2.907828624333204
267,338,2.570376289580283
267,391,2.8593017598119657
267,450,2.67237342738059
267,515,2.8453559331726552
267,543,2.5523758262949343
267,619,2.578640100045769
268,268,0.0
268,324,2.855363274962638
268,344,2.6022863976961865
268,392,2.7661702150538834
268,460,2.8746153583078216
268,520,2.6993147518464666
268,532,2.594319206659495
268,580,2.6538789565802885
269,269,0.0
269,325,2.7359867808479232
269,345,2.477925722343338
269,393,2.9401600820206615
269,461,2.6613229131115004
269,521,2.80187798986308
269,533,2.5106104502309083
270,270,0.0
270,326,2.867307649638166
270,346,2.676241457501826
270,394,2.9261886281506557
270,462,2.6518136861229227
270,522,2.827479648388031
270,534,2.5528111326318395
270,622,2.98357487190571
271,271,0.0
271,327,2.7621507138495587
271,347,2.7372782604957098
271,395,2.8940337066459563
271,463,2.55900815379253
271,523,2.618231974280836
271,535,2.600085410979649
271,590,2.4886125376451793
272,272,0.0
272,288,2.699018555365579
272,380,2.6071779757962292
272,400,2.663757617141433
272,436,2.649717848533699
272,494,2.623579573102018
272,560,2.602675713629444
273,273,0.0
273,289,2.5306787744294716
273,381,2.622099425357601
273,401,2.6108658628255683
273,437,2.5724503238879994
273,495,2.549601266862353
273,561,2.664927267267377
274,274,0.0
274,290,2.64871474244209
274,382,2.586952157133245
274,402,2.728991248506404
274,438,2.6680226021873
274,492,2.6360121643175307
274,562,2.6442467692996923
275,275,0.0
275,291,2.6443396417176617
275,383,2.701456369109961
275,403,2.676865061349528
275,439,2.589293363856375
275,493,2.5737949258254558
275,563,2.649511016237253
276,276,0.0
276,298,2.580991123438266
276,374,2.629376770806823
276,412,2.625172417244899
276,442,2.615436180078295
276,484,2.5111574876846974
276,570,2.5884719299004697
277,277,0.0
277,299,2.737047516444009
277,375,2.6723599966645253
277,413,2.6108983655526887
277,443,2.6767437689550033
277,485,2.592167672092907
277,571,2.516340948703283
278,278,0.0
278,296,2.662446312341555
278,372,2.636530852192074
278,414,2.6810808055537225
278,440,2.6855931042321273
278,486,2.4549017373177757
278,568,2.5662598688761347
278,607,2.979007332881485
279,279,0.0
279,297,2.597317566139617
279,373,2.5902521607231033
279,415,2.614673105127464
279,441,2.670538646047871
279,487,2.57381149973358
279,569,2.5556410641034724
280,280,0.0
280,303,2.712718845739948
280,378,2.7332106745971023
280,404,2.5851738994644586
280,446,2.6447383473034094
280,481,2.6519481462594583
280,566,2.6435745089476885
281,281,0.0
281,302,2.740601925487326
281,379,2.676763573962299
281,405,2.529845363123124
281,447,2.550247561597763
281,480,2.6152101803150325
281,567,2.607268224035918
281,604,2.855196613551649
282,282,0.0
282,301,2.577963515602555
282,376,2.592594985111131
282,406,2.7491002289177264
282,444,2.687070283421153
282,483,2.6751324527032034
282,564,2.526553289479708
283,283,0.0
283,300,2.7128097605772155
283,377,2.6037923789939494
283,407,2.6009029122813696
283,445,2.6579850678088164
283,482,2.6485787613395755
283,565,2.5548975555386333
284,284,0.0
284,293,2.7557493101912938
284,368,2.659358805608833
284,408,2.7119211098622276
284,432,2.617184008968844
284,491,2.6596766174342696
284,572,2.5344000386522785
285,285,0.0
285,292,2.539526265501377
285,369,2.6349428091467635
285,409,2.5103842734868205
285,433,2.687814309409206
285,490,2.5216621491215236
285,573,2.6744645424209503
286,286,0.0
286,295,2.617123814054955
286,370,2.657332901571369
286,410,2.6287468486670336
286,434,2.6818141924965078
286,489,2.6474586914180285
286,574,2.499313026860918
287,287,0.0
287,294,2.7088810332290545
287,371,2.7017425801769055
287,411,2.6719271116043917
287,435,2.606162485994814
287,488,2.5776450022904145
287,575,2.6152859480686215
288,192,2.728831659995582
288,272,2.699018555365579
288,288,0.0
288,384,2.607850875960287
288,400,2.6121303873777517
288,480,2.642578491111117
288,494,2.632179237123971
289,193,2.665952371044391
289,273,2.5306787744294716
289,289,0.0
289,385,2.5969938461873787
289,401,2.606895894380913
289,481,2.7507801700421104
289,495,2.708940252286978
290,194,2.6286716675381334
290,274,2.64871474244209
290,290,0.0
290,386,2.6895531490026063
290,402,2.7112613388045315
290,482,2.567009251974109
290,492,2.688781548057956
291,195,2.675468397811237
291,275,2.6443396417176617
291,291,0.0
291,387,2.6383486821560123
291,403,2.646976216810819
291,483,2.7908406950574056
291,493,2.5898413717710747
292,196,2.5839250474005127
292,285,2.539526265501377
292,292,0.0
292,388,2.4561260529186546
292,409,2.694844012367792
292,484,2.6704112208747848
292,490,2.586294970583361
293,197,2.662514678996891
293,284,2.7557493101912938
293,293,0.0
293,299,2.901834918863283
293,389,2.665563190967802
293,408,2.667348770582155
293,485,2.633206034870007
293,491,2.6343232906090086
294,198,2.5797452673230983
294,287,2.7088810332290545
294,294,0.0
294,296,2.9784491175055003
294,390,2.671218813737916
294,411,2.760994686598985
294,486,2.730595437569612
294,488,2.478150181061026
295,199,2.560864940301427
295,286,2.617123814054955
295,295,0.0
295,391,2.735711799780044
295,410,2.7034716483287404
295,487,2.5895474377466883
295,489,2.6829794451374758
296,200,2.576666800129916
296,278,2.662446312341555
296,294,2.9784491175055003
296,296,0.0
296,392,2.5827073655693975
296,414,2.653728969589242
296,486,2.707780189111901
296,488,2.6631855704379097
297,201,2.570335977934564
297,279,2.597317566139617
297,297,0.0
297,393,2.6101883181352776
297,415,2.6853354644951706
297,487,2.5469021345660487
297,489,2.8190046712852035
298,202,2.640765057146318
298,276,2.580991123438266
298,298,0.0
298,394,2.613444920081347
298,412,2.671932906328214
298,484,2.6319570791136364
298,490,2.5705169077513754
299,203,2.601625254824824
299,277,2.737047516444009
299,293,2.901834918863283
299,299,0.0
299,395,2.4977022024593794
299,413,2.786743796636068
299,485,2.5575694969657223
299,491,2.5667904774558226
300,204,2.56289859939141
300,283,2.7128097605772155
300,300,0.0
300,396,2.6396788435490417
300,407,2.61159721554665
300,482,2.5907260718145255
300,492,2.8214582053946793
301,205,2.6972812587285975
301,282,2.577963515602555
301,301,0.0
301,397,2.6540913355381845
301,406,2.6346390034302787
301,483,2.720288925608696
301,493,2.6011439046306033
302,206,2.5754567156722965
302,281,2.740601925487326
302,302,0.0
302,398,2.7138955718227664
302,405,2.6110396495926618
302,480,2.688125864686131
302,494,2.688272651346879
303,207,2.7450223104573146
303,280,2.712718845739948
303,303,0.0
303,399,2.519240671736846
303,404,2.574326110349687
303,481,2.6366632083698742
303,495,2.7391208365965847
304,208,2.6317883221922513
304,240,2.753203058796634
304,304,0.0
304,400,2.650705838076042
304,416,2.653438020289808
304,498,2.6598547358855744
304,508,2.628056041213674
305,209,2.699530141451959
305,241,2.5607641322450543
305,305,0.0
305,401,2.598642240467475
305,417,2.761769316355519
305,499,2.618960017068883
305,509,2.6201576561055533
306,210,2.542555441815018
306,242,2.608776834151267
306,306,0.0
306,402,2.664549053970061
306,418,2.6296295161879693
306,496,2.577881522927323
306,510,2.612777128570161
307,211,2.6522659948509246
307,243,2.7897184324301967
307,307,0.0
307,403,2.759958695846115
307,419,2.5313657670382224
307,497,2.728183135057738
307,511,2.6411983528024425
308,214,2.645507419503389
308,252,2.58509040268205
308,308,0.0
308,406,2.6456087834842594
308,424,2.5992342511178377
308,502,2.7406413697138636
308,504,2.675694495999842
309,215,2.6735197443838246
309,253,2.64563867425667
309,309,0.0
309,407,2.622486131967145
309,425,2.6915407934345437
309,503,2.534588590971636
309,505,2.551975053765056
310,212,2.6722601185499832
310,254,2.788554197345565
310,310,0.0
310,404,2.58493010289804
310,426,2.5972334476191263
310,500,2.576859199365735
310,506,2.633643372418732
311,213,2.6269891531136484
311,255,2.785676747974307
311,311,0.0
311,405,2.669815796457795
311,427,2.512328554695882
311,501,2.652466649915544
311,507,2.6270577245052777
312,216,2.803999569292274
312,244,2.591111001136928
312,312,0.0
312,408,2.7627902587272684
312,428,2.664484598777791
312,500,2.750303525973995
312,506,2.918823208732314
313,217,2.947034127098271
313,245,2.7042805037943625
313,313,0.0
313,409,2.876076519440789
313,429,2.703404722532423
313,501,2.7123631348044586
313,507,2.8303497315729107
314,218,2.769886102063253
314,246,2.7339298759540753
314,314,0.0
314,410,2.922612793421861
314,430,2.808634655106991
314,502,2.603749546837558
314,504,2.7482402183706482
315,219,2.7337144282148733
315,247,2.6553025818520264
315,315,0.0
315,411,2.8609152021132482
315,431,2.683518042168661
315,503,2.623312353358455
315,505,2.9104350337219156
316,222,2.8623865359070586
316,248,2.8231382006473917
316,316,0.0
316,414,2.9119522477174846
316,420,2.718945086336453
316,496,2.7088197469379103
316,510,2.928736418567799
317,223,2.9707975732910477
317,249,2.710954580632186
317,317,0.0
317,415,2.9087502186065564
317,421,2.623135719934313
317,497,2.636000744887917
317,511,2.7860615757894083
318,220,2.848815771694879
318,250,2.6770325896135336
318,318,0.0
318,422,2.716384092192127
318,498,2.5626104164123347
318,508,2.8185929115348256
319,221,2.9418074953430584
319,251,2.6986112714076476
319,319,0.0
319,413,2.9885503882058093
319,423,2.643795053190004
319,499,2.6977334348128945
319,509,2.9460072589757185
320,224,2.620536930583709
320,256,2.7063700606708956
320,320,0.0
320,384,2.6228949381400537
320,416,2.5829957583747096
320,512,2.7729318620362915
320,524,2.6882732755328385
321,225,2.592181749147526
321,257,2.6465822630383284
321,321,0.0
321,385,2.606556737329307
321,417,2.6705215718586834
321,513,2.645035325360784
321,525,2.707885667898474
322,226,2.794659510496289
322,258,2.7174519134203465
322,322,0.0
322,386,2.5468492750040093
322,418,2.5437956764851717
322,514,2.8813858549617417
322,526,2.7939060459891913
323,227,2.590366698307833
323,259,2.6500222080780658
323,323,0.0
323,387,2.584776471940843
323,419,2.8220614752938515
323,515,2.5291095568517163
323,527,2.6795735181058102
324,228,2.6421115560167037
324,268,2.855363274962638
324,324,0.0
324,392,2.979647242644214
324,420,2.6580443437306487
324,516,2.570116294321484
324,520,2.845021140017042
325,229,2.55426014544382
325,269,2.7359867808479232
325,325,0.0
325,393,2.9177783170365292
325,421,2.60142975016589
325,517,2.656068706661351
325,521,2.8821532626118236
326,230,2.675717064695537
326,270,2.867307649638166
326,326,0.0
326,394,2.8446059084167308
326,422,2.627644602828456
326,518,2.5627810771819863
326,522,2.9358855323294044
327,231,2.7109367434846687
327,271,2.7621507138495587
327,327,0.0
327,395,2.922373807076854
327,423,2.6059441061089608
327,519,2.6550829420536304
327,523,2.910587903249768
328,233,2.636217215388078
328,260,2.539489626882814
328,328,0.0
328,396,2.701093065015937
328,425,2.610656843116745
328,516,2.5369725316446012
328,520,2.645682417502214
329,232,2.5320486725446116
329,261,2.5752108357637424
329,329,0.0
329,397,2.644629386665878
329,424,2.658521588917911
329,517,2.671541673238958
329,521,2.7388175303293574
330,235,2.7225938821165694
330,262,2.6894459260771364
330,330,0.0
330,398,2.649068330241227
330,427,2.555824607340495
330,518,2.61301664073451
330,522,2.769049740603503
331,234,2.686868172549122
331,263,2.673997042662111
331,331,0.0
331,399,2.7154589924264676
331,426,2.4770524332983785
331,519,2.754608591517497
331,523,2.5742548573628574
332,237,2.5579953144297884
332,264,2.8489153518444374
332,332,0.0
332,388,2.7392902610474374
332,429,2.6092578511201405
332,512,2.963779299247397
332,524,2.610142890483124
333,236,2.656811977877163
333,265,2.8254934432746874
333,333,0.0
333,428,2.575101910916077
333,513,2.839153042512954
333,525,2.677718176488859
334,239,2.590770982832995
334,266,2.90880334795894
334,334,0.0
334,390,2.8257248996436406
334,431,2.6666110072667797
334,514,2.857243244888424
334,526,2.6295805935222103
335,238,2.702564862479258
335,267,2.907828624333204
335,335,0.0
335,391,2.9416240540957705
335,430,2.7005595389627994
335,515,2.803224376226458
335,527,2.737033963677911
336,197,2.5315084889126833
336,265,2.5200068363823402
336,336,0.0
336,432,2.5351809437756008
336,448,2.4974473155053785
336,529,2.5996218611100206
336,541,2.614188378282521
337,196,2.7132534484540765
337,264,2.661820127045643
337,337,0.0
337,433,2.5883828600184797
337,449,2.532994213336735
337,528,2.7206800508543836
337,540,2.60975455146353
338,199,2.79743227017316
338,267,2.570376289580283
338,338,0.0
338,434,2.543836597025654
338,450,2.6071649607288525
338,531,2.600063951975595
338,543,2.7376685763654973
339,198,2.5675119515439118
339,266,2.6301131322001865
339,339,0.0
339,435,2.6170156103389997
339,451,2.5843834532414727
339,530,2.6661812884290557
339,542,2.689981199661655
340,192,2.6758401410616326
340,256,2.861402518838208
340,340,0.0
340,436,2.5542927321058806
340,456,2.8454769987423236
340,532,2.679158146248287
340,536,2.9096788187496343
341,193,2.650000741115925
341,257,2.933188662594496
341,341,0.0
341,437,2.672154106237226
341,457,2.8982407313513607
341,533,2.611282525259705
341,537,2.810064338582636
342,194,2.778378779867025
342,258,2.788310661166401
342,342,0.0
342,438,2.7210085693088244
342,458,2.7898296847309134
342,534,2.6248437546182837
342,538,2.8820131122704478
343,195,2.7232031910333228
343,259,2.8008418916961824
343,343,0.0
343,439,2.565804850140576
343,459,2.8882258105196366
343,535,2.718132570257928
343,539,2.882386058121491
344,200,2.781570844921408
344,268,2.6022863976961865
344,344,0.0
344,440,2.6991726487478584
344,460,2.639019981711093
344,532,2.6393041317768446
344,536,2.6089159497491656
345,201,2.5368982752825717
345,269,2.477925722343338
345,345,0.0
345,441,2.7200328787841905
345,461,2.7715737948444095
345,533,2.6438272645260215
345,537,2.734708702866671
346,202,2.6121183905593326
346,270,2.676241457501826
346,346,0.0
346,442,2.4670756222443364
346,462,2.6742416680600267
346,534,2.769951051089501
346,538,2.6384505049606637
347,203,2.67279148153725
347,271,2.7372782604957098
347,347,0.0
347,443,2.640539584017296
347,463,2.626296236607096
347,535,2.6399420522824943
347,539,2.5942702852509685
348,205,2.7141289975391474
348,261,2.6833015242734812
348,348,0.0
348,444,2.6003092074065592
348,452,2.6414169927717226
348,529,2.56297847248969
348,541,2.5040243245622724
349,204,2.6951701735155833
349,260,2.6833731178883538
349,349,0.0
349,445,2.7433738102848535
349,453,2.68951052367515
349,528,2.6802978932522064
349,540,2.554327710078683
350,207,2.7192217603698525
350,263,2.730833516324189
350,350,0.0
350,446,2.6552732653867195
350,454,2.6127866474109727
350,531,2.7694123070689063
350,543,2.6608182763210078
351,206,2.706926889091704
351,262,2.546700449012026
351,351,0.0
351,447,2.6158059022620233
351,455,2.6143863603587634
351,530,2.7000842584571405
351,542,2.5756030480297007
352,236,2.5706841883397438
352,244,2.649770834709583
352,352,0.0
352,448,2.55943858131487
352,464,2.569886642270308
352,544,2.711757106885525
352,556,2.652370065499892
353,237,2.681048842829372
353,245,2.733720892072908
353,353,0.0
353,449,2.5685763718097987
353,465,2.6977923373144153
353,545,2.603116905932618
353,557,2.6821762707080365
354,238,2.554502584504202
354,246,2.5813457564632563
354,354,0.0
354,450,2.5457294481585753
354,466,2.6516694186881056
354,546,2.6051455308119595
354,558,2.6412658759521612
355,239,2.6435732161007586
355,247,2.5777958364404996
355,355,0.0
355,451,2.5752065702435685
355,467,2.6280248684511287
355,547,2.7669067256796303
355,559,2.676710845679877
356,232,2.676341648252294
356,252,2.6526689382356787
356,356,0.0
356,452,2.7280700544375294
356,472,2.6164512694209927
356,548,2.584888455187305
356,552,2.493750933355242
357,233,2.823612550020138
357,253,2.626490150084229
357,357,0.0
357,453,2.5206762038924975
357,473,2.753694355629243
357,549,2.684050651580118
357,553,2.689825874287232
358,234,2.6173759923306985
358,254,2.68304163730075
358,358,0.0
358,454,2.6000990771474735
358,474,2.6110618356938167
358,550,2.506784599150947
358,554,2.8216834925476686
359,235,2.736933183199182
359,255,2.679843249518033
359,359,0.0
359,455,2.708205280295825
359,475,2.574936511705466
359,551,2.6725972201241692
359,555,2.6950018655170696
360,224,2.5642976699204048
360,240,2.728358788685638
360,360,0.0
360,456,2.495755801004797
360,476,2.6253217153437873
360,548,2.775122702395181
360,552,2.7483346775774877
361,225,2.5986224294975884
361,241,2.693079476336517
361,361,0.0
361,457,2.7040817598277997
361,477,2.669846647173874
361,549,2.6419265117417337
361,553,2.55024723737801
362,226,2.6112461689408377
362,242,2.678441262995657
362,362,0.0
362,458,2.5563241265095122
362,478,2.5653201091551305
362,550,2.6529561585929184
362,554,2.6838536895287937
363,227,2.689257305948772
363,243,2.6547130589372876
363,363,0.0
363,459,2.530745166058485
363,479,2.55788808166154
363,551,2.6272383049148744
363,555,2.632632472335048
364,228,2.595079292618663
364,248,2.579896845682337
364,364,0.0
364,460,2.557213640092054
364,468,2.718576705816632
364,544,2.6387488625784172
364,556,2.612866631535012
365,229,2.672884165091826
365,249,2.7773929778225304
365,365,0.0
365,461,2.563191586195459
365,469,2.5745703210552686
365,545,2.6273751712155753
365,557,2.750096373293017
366,230,2.73775915884957
366,250,2.574836474537828
366,366,0.0
366,462,2.60879350260718
366,470,2.650461646968453
366,546,2.671116251692662
366,558,2.6855130724834093
367,231,2.6752750006360344
367,251,2.7024427888406017
367,367,0.0
367,463,2.655606918772689
367,471,2.7461020438024883
367,547,2.6349973908065016
367,559,2.5514344516278165
368,216,2.637918014480405
368,284,2.659358805608833
368,368,0.0
368,432,2.542831256483485
368,464,2.6623231007584383
368,560,2.548657685763561
368,572,2.6929261470705304
369,217,2.643733048801247
369,285,2.6349428091467635
369,369,0.0
369,433,2.7234485347186412
369,465,2.53937357290704
369,561,2.6912583053779553
369,573,2.639014110255899
370,218,2.729499842875121
370,286,2.657332901571369
370,370,0.0
370,434,2.6465715228809956
370,466,2.555028665182199
370,562,2.647628881675276
370,574,2.677285018882799
371,219,2.6820972918725015
371,287,2.7017425801769055
371,371,0.0
371,435,2.712725240198083
371,467,2.610309862660487
371,563,2.5472417921547277
371,575,2.6665922799811526
372,222,2.6645696253938387
372,278,2.636530852192074
372,372,0.0
372,440,2.6246554648405658
372,468,2.6674056245647657
372,564,2.660110225009185
372,568,2.769130771997418
373,223,2.578724828282539
373,279,2.5902521607231033
373,373,0.0
373,441,2.589118767731656
373,469,2.571990066765998
373,565,2.636680249517728
373,569,2.589558871140111
374,220,2.685692512510049
374,276,2.629376770806823
374,374,0.0
374,442,2.442484289386823
374,470,2.4317888122304026
374,566,2.7010030740925335
374,570,2.7637600161853855
375,221,2.7203096063139567
375,277,2.6723599966645253
375,375,0.0
375,379,2.928947886958816
375,443,2.6077179477799994
375,471,2.576061209495338
375,567,2.6707082619895846
375,571,2.671504962934385
376,214,2.908454982807129
376,282,2.592594985111131
376,376,0.0
376,444,2.7230724630423464
376,564,2.695122025919791
376,568,2.9301712562253464
377,215,2.946004528204326
377,283,2.6037923789939494
377,377,0.0
377,445,2.589298801694667
377,473,2.856883775511464
377,565,2.6284660902070263
377,569,2.8365523886830815
378,212,2.813716783465381
378,280,2.7332106745971023
378,378,0.0
378,446,2.5338216692997357
378,474,2.7113854194596585
378,566,2.6711707765079193
379,213,2.8916810662089945
379,281,2.676763573962299
379,375,2.928947886958816
379,379,0.0
379,447,2.5787194851579303
379,567,2.656188785468252
379,571,2.7253054669077414
380,208,2.553188456405795
380,272,2.6071779757962292
380,380,0.0
380,436,2.595943048442971
380,476,2.561314757409614
380,560,2.716521053361359
380,572,2.6898379560184975
381,209,2.6641197817224396
381,273,2.622099425357601
381,381,0.0
381,437,2.6052197970713826
381,477,2.6450872680624076
381,561,2.6481103279447487
381,573,2.6942324860224707
382,210,2.684948615784233
382,274,2.586952157133245
382,382,0.0
382,438,2.6928566592373677
382,478,2.613875224182121
382,562,2.6226794072885804
382,574,2.7131435472038485
383,211,2.643887025198771
383,275,2.701456369109961
383,383,0.0
383,439,2.630939505245687
383,479,2.6642407256083764
383,563,2.534518297904522
383,575,2.7035993097770428
384,192,2.727462663897705
384,256,2.74335402000352
384,288,2.607850875960287
384,320,2.6228949381400537
384,384,0.0
384,480,2.5633078716514093
384,524,2.694160013453875
385,193,2.641242701831981
385,257,2.7131708146371127
385,289,2.5969938461873787
385,321,2.606556737329307
385,385,0.0
385,481,2.484428048244228
385,525,2.645860789248117
386,194,2.6602549819863337
386,258,2.6710589935855706
386,290,2.6895531490026063
386,322,2.5468492750040093
386,386,0.0
386,482,2.5958568308438696
386,526,2.6177381197365532
387,195,2.83116224856057
387,259,2.707783997370829
387,291,2.6383486821560123
387,323,2.584776471940843
387,387,0.0
387,483,2.4911647716763263
387,527,2.6998971319733953
388,196,2.6398572898985635
388,264,2.8882480669212076
388,292,2.4561260529186546
388,332,2.7392902610474374
388,388,0.0
388,484,2.718096176929965
388,512,2.801527528749752
389,197,2.7996195104681094
389,265,2.776405672071936
389,293,2.665563190967802
389,389,0.0
389,485,2.529696223090737
389,513,2.778040429508324
389,596,2.4969436232716484
390,198,2.72501148504793
390,266,2.875142724100046
390,294,2.671218813737916
390,334,2.8257248996436406
390,390,0.0
390,486,2.58079401360474
390,514,2.8690829196164804
391,199,2.7671927730143326
391,267,2.8593017598119657
391,295,2.735711799780044
391,335,2.9416240540957705
391,391,0.0
391,487,2.491766512021271
391,515,2.9509116002824474
392,200,2.6543064140582535
392,268,2.7661702150538834
392,296,2.5827073655693975
392,324,2.979647242644214
392,392,0.0
392,488,2.6608208810677407
392,520,2.8050588309486666
392,586,2.8852324156207656
393,201,2.648826624471613
393,269,2.9401600820206615
393,297,2.6101883181352776
393,325,2.9177783170365292
393,393,0.0
393,489,2.586264331769031
393,521,2.932409671543574
394,202,2.591640883427158
394,270,2.9261886281506557
394,298,2.613444920081347
394,326,2.8446059084167308
394,394,0.0
394,490,2.6823486567101784
394,522,2.832633154112568
395,203,2.724676423579319
395,271,2.8940337066459563
395,299,2.4977022024593794
395,327,2.922373807076854
395,395,0.0
395,491,2.643305424394008
395,523,2.6674716758711092
395,582,2.6926816506026547
396,204,2.6199993124115006
396,260,2.581348494045547
396,300,2.6396788435490417
396,328,2.701093065015937
396,396,0.0
396,492,2.5689632530437057
396,516,2.5898052630292274
397,205,2.6498026030575828
397,261,2.6122935266726355
397,301,2.6540913355381845
397,329,2.644629386665878
397,397,0.0
397,493,2.6022552298980535
397,517,2.5955852443652385
398,206,2.761028800584166
398,262,2.5843114889502483
398,302,2.7138955718227664
398,330,2.649068330241227
398,398,0.0
398,494,2.4852541165728166
398,518,2.5767203360289823
399,207,2.53886045229826
399,263,2.571729620657251
399,303,2.519240671736846
399,331,2.7154589924264676
399,399,0.0
399,495,2.647570766705684
399,519,2.643874664779714
400,208,2.5648683208230554
400,272,2.663757617141433
400,288,2.6121303873777517
400,304,2.650705838076042
400,400,0.0
400,494,2.5700607655362084
400,498,2.6261405458888096
401,209,2.6265974330821904
401,273,2.6108658628255683
401,289,2.606895894380913
401,305,2.598642240467475
401,401,0.0
401,495,2.7927705403311274
401,499,2.7092737382080854
402,210,2.709115987520406
402,274,2.728991248506404
402,290,2.7112613388045315
402,306,2.664549053970061
402,402,0.0
402,492,2.647403934456096
402,496,2.559710407776636
403,211,2.6686240071076224
403,275,2.676865061349528
403,291,2.646976216810819
403,307,2.759958695846115
403,403,0.0
403,493,2.5795270544682647
403,497,2.629550381732895
404,212,2.6989969908046114
404,280,2.5851738994644586
404,303,2.574326110349687
404,310,2.58493010289804
404,404,0.0
404,481,2.5055568266316763
404,500,2.7100829522537997
405,213,2.6113188375475325
405,281,2.529845363123124
405,302,2.6110396495926618
405,311,2.669815796457795
405,405,0.0
405,480,2.718702570356675
405,501,2.6212034234842565
406,214,2.656520384126412
406,282,2.7491002289177264
406,301,2.6346390034302787
406,308,2.6456087834842594
406,406,0.0
406,483,2.591004273072484
406,502,2.5803609838571373
407,215,2.67127239388765
407,283,2.6009029122813696
407,300,2.61159721554665
407,309,2.622486131967145
407,407,0.0
407,482,2.6082748568712804
407,503,2.638071621546395
408,216,2.8252292450199925
408,284,2.7119211098622276
408,293,2.667348770582155
408,312,2.7627902587272684
408,408,0.0
408,491,2.5984700263823264
408,506,2.7263740385811968
408,582,2.602370995852567
409,217,2.8175178849555667
409,285,2.5103842734868205
409,292,2.694844012367792
409,313,2.876076519440789
409,409,0.0
409,490,2.7407801336201887
409,507,2.871356205283742
410,218,2.891739131402589
410,286,2.6287468486670336
410,295,2.7034716483287404
410,314,2.922612793421861
410,410,0.0
410,489,2.57709874306775
410,504,2.813581586006282
411,219,2.9094709344754777
411,287,2.6719271116043917
411,294,2.760994686598985
411,315,2.8609152021132482
411,411,0.0
